YB0086	大方廣佛華嚴經	1	27	1	23	27
YB0086	大方廣佛華嚴經	2	27	25	45	27
YB0086	大方廣佛華嚴經	3	27	47	75	27
YB0086	大方廣佛華嚴經	4	27	77	107	27
YB0086	大方廣佛華嚴經	5	27	109	133	27
YB0086	大方廣佛華嚴經	6	27	135	162	27
YB0086	大方廣佛華嚴經	7	27	163	191	27
YB0086	大方廣佛華嚴經	8	27	193	225	27
YB0086	大方廣佛華嚴經	9	27	227	257	27
YB0086	大方廣佛華嚴經	10	27	259	275	27
YB0086	大方廣佛華嚴經	11	27	277	299	27
YB0086	大方廣佛華嚴經	12	27	301	322	27
YB0086	大方廣佛華嚴經	13	27	323	349	27
YB0086	大方廣佛華嚴經	14	27	351	377	27
YB0086	大方廣佛華嚴經	15	27	379	401	27
YB0086	大方廣佛華嚴經	16	27	403	429	27
YB0086	大方廣佛華嚴經	17	27	431	455	27
YB0086	大方廣佛華嚴經	18	27	457	480	27
YB0086	大方廣佛華嚴經	19	27	481	507	27
YB0086	大方廣佛華嚴經	20	27	509	537	27
YB0086	大方廣佛華嚴經	21	27	539	563	27
YB0086	大方廣佛華嚴經	22	27	565	591	27
YB0086	大方廣佛華嚴經	23	27	593	622	27
YB0086	大方廣佛華嚴經	24	27	623	647	27
YB0086	大方廣佛華嚴經	25	27	649	673	27
YB0086	大方廣佛華嚴經	26	27	675	698	27
YB0086	大方廣佛華嚴經	27	27	699	724	27
YB0086	大方廣佛華嚴經	28	27	725	750	27
YB0086	大方廣佛華嚴經	29	27	751	772	27
YB0086	大方廣佛華嚴經	30	27	773	797	27
YB0086	大方廣佛華嚴經	31	27	799	822	27
YB0086	大方廣佛華嚴經	32	27	823	847	27
YB0086	大方廣佛華嚴經	33	27	849	873	27
YB0086	大方廣佛華嚴經	34	27	875	906	27
YB0086	大方廣佛華嚴經	35	27	907	930	27
YB0086	大方廣佛華嚴經	36	27	931	953	27
YB0086	大方廣佛華嚴經	37	27	955	978	27
YB0086	大方廣佛華嚴經	38	28	1	23	28
YB0086	大方廣佛華嚴經	39	28	25	48	28
YB0086	大方廣佛華嚴經	40	28	49	75	28
YB0086	大方廣佛華嚴經	41	28	77	99	28
YB0086	大方廣佛華嚴經	42	28	101	124	28
YB0086	大方廣佛華嚴經	43	28	125	148	28
YB0086	大方廣佛華嚴經	44	28	149	171	28
YB0086	大方廣佛華嚴經	45	28	173	194	28
YB0086	大方廣佛華嚴經	46	28	195	226	28
YB0086	大方廣佛華嚴經	47	28	227	250	28
YB0086	大方廣佛華嚴經	48	28	251	272	28
YB0086	大方廣佛華嚴經	49	28	273	295	28
YB0086	大方廣佛華嚴經	50	28	297	322	28
YB0086	大方廣佛華嚴經	51	28	323	346	28
YB0086	大方廣佛華嚴經	52	28	347	370	28
YB0086	大方廣佛華嚴經	53	28	371	392	28
YB0086	大方廣佛華嚴經	54	28	393	423	28
YB0086	大方廣佛華嚴經	55	28	425	460	28
YB0086	大方廣佛華嚴經	56	28	461	492	28
YB0086	大方廣佛華嚴經	57	28	493	524	28
YB0086	大方廣佛華嚴經	58	28	525	557	28
YB0086	大方廣佛華嚴經	59	28	559	591	28
YB0086	大方廣佛華嚴經	60	28	593	624	28
QL0087	大方廣佛華嚴經	1	24	2	17	24
QL0087	大方廣佛華嚴經	2	24	18	31	24
QL0087	大方廣佛華嚴經	3	24	32	50	24
QL0087	大方廣佛華嚴經	4	24	51	71	24
QL0087	大方廣佛華嚴經	5	24	72	88	24
QL0087	大方廣佛華嚴經	6	24	89	107	24
QL0087	大方廣佛華嚴經	7	24	108	127	24
QL0087	大方廣佛華嚴經	8	24	128	149	24
QL0087	大方廣佛華嚴經	9	24	150	170	24
QL0087	大方廣佛華嚴經	10	24	171	182	24
QL0087	大方廣佛華嚴經	11	24	183	197	24
QL0087	大方廣佛華嚴經	12	24	198	212	24
QL0087	大方廣佛華嚴經	13	24	213	230	24
QL0087	大方廣佛華嚴經	14	24	231	248	24
QL0087	大方廣佛華嚴經	15	24	249	263	24
QL0087	大方廣佛華嚴經	16	24	264	281	24
QL0087	大方廣佛華嚴經	17	24	282	298	24
QL0087	大方廣佛華嚴經	18	24	299	314	24
QL0087	大方廣佛華嚴經	19	24	315	332	24
QL0087	大方廣佛華嚴經	20	24	333	351	24
QL0087	大方廣佛華嚴經	21	24	352	368	24
QL0087	大方廣佛華嚴經	22	24	369	386	24
QL0087	大方廣佛華嚴經	23	24	387	406	24
QL0087	大方廣佛華嚴經	24	24	407	423	24
QL0087	大方廣佛華嚴經	25	24	424	440	24
QL0087	大方廣佛華嚴經	26	24	441	456	24
QL0087	大方廣佛華嚴經	27	24	457	473	24
QL0087	大方廣佛華嚴經	28	24	474	491	24
QL0087	大方廣佛華嚴經	29	24	492	506	24
QL0087	大方廣佛華嚴經	30	24	507	523	24
QL0087	大方廣佛華嚴經	31	24	524	539	24
QL0087	大方廣佛華嚴經	32	24	540	556	24
QL0087	大方廣佛華嚴經	33	24	557	573	24
QL0087	大方廣佛華嚴經	34	24	574	595	24
QL0087	大方廣佛華嚴經	35	24	596	611	24
QL0087	大方廣佛華嚴經	36	24	612	626	24
QL0087	大方廣佛華嚴經	37	24	627	642	24
QL0087	大方廣佛華嚴經	38	24	643	657	24
QL0087	大方廣佛華嚴經	39	24	658	673	24
QL0087	大方廣佛華嚴經	40	24	674	691	24
QL0087	大方廣佛華嚴經	41	25	1	16	25
QL0087	大方廣佛華嚴經	42	25	17	32	25
QL0087	大方廣佛華嚴經	43	25	33	48	25
QL0087	大方廣佛華嚴經	44	25	49	64	25
QL0087	大方廣佛華嚴經	45	25	65	79	25
QL0087	大方廣佛華嚴經	46	25	80	101	25
QL0087	大方廣佛華嚴經	47	25	102	117	25
QL0087	大方廣佛華嚴經	48	25	118	132	25
QL0087	大方廣佛華嚴經	49	25	133	148	25
QL0087	大方廣佛華嚴經	50	25	149	166	25
QL0087	大方廣佛華嚴經	51	25	167	182	25
QL0087	大方廣佛華嚴經	52	25	183	198	25
QL0087	大方廣佛華嚴經	53	25	199	213	25
QL0087	大方廣佛華嚴經	54	25	214	234	25
QL0087	大方廣佛華嚴經	55	25	235	258	25
QL0087	大方廣佛華嚴經	56	25	259	280	25
QL0087	大方廣佛華嚴經	57	25	281	302	25
QL0087	大方廣佛華嚴經	58	25	303	324	25
QL0087	大方廣佛華嚴經	59	25	325	346	25
QL0087	大方廣佛華嚴經	60	25	347	367	25
ZC0078	大方廣佛華嚴經	1	10	21	48	10
ZC0078	大方廣佛華嚴經	2	10	49	79	10
ZC0078	大方廣佛華嚴經	3	10	81	113	10
ZC0078	大方廣佛華嚴經	4	10	115	148	10
ZC0078	大方廣佛華嚴經	5	10	149	181	10
ZC0078	大方廣佛華嚴經	6	10	183	212	10
ZC0078	大方廣佛華嚴經	7	10	213	247	10
ZC0078	大方廣佛華嚴經	8	10			10
ZC0078	大方廣佛華嚴經	9	10			10
ZC0078	大方廣佛華嚴經	10	10	249	282	10
ZC0078	大方廣佛華嚴經	11	10	283	319	10
ZC0078	大方廣佛華嚴經	12	10	321	351	10
ZC0078	大方廣佛華嚴經	13	10			10
ZC0078	大方廣佛華嚴經	14	10			10
ZC0078	大方廣佛華嚴經	15	10	353	388	10
ZC0078	大方廣佛華嚴經	16	10	389	421	10
ZC0078	大方廣佛華嚴經	17	10	423	463	10
ZC0078	大方廣佛華嚴經	18	10	465	498	10
ZC0078	大方廣佛華嚴經	19	10	499	533	10
ZC0078	大方廣佛華嚴經	20	10			10
ZC0078	大方廣佛華嚴經	21	10	535	569	10
ZC0078	大方廣佛華嚴經	22	10			10
ZC0078	大方廣佛華嚴經	23	10	571	601	10
ZC0078	大方廣佛華嚴經	24	10			10
ZC0078	大方廣佛華嚴經	25	10			10
ZC0078	大方廣佛華嚴經	26	10	603	629	10
ZC0078	大方廣佛華嚴經	27	10			10
ZC0078	大方廣佛華嚴經	28	10			10
ZC0078	大方廣佛華嚴經	29	10	631	655	10
ZC0078	大方廣佛華嚴經	30	10			10
ZC0078	大方廣佛華嚴經	31	10			10
ZC0078	大方廣佛華嚴經	32	10	657	682	10
ZC0078	大方廣佛華嚴經	33	10	683	710	10
ZC0078	大方廣佛華嚴經	34	10			10
ZC0078	大方廣佛華嚴經	35	10			10
ZC0078	大方廣佛華嚴經	36	10			10
ZC0078	大方廣佛華嚴經	37	10			10
ZC0078	大方廣佛華嚴經	38	10	711	743	10
ZC0078	大方廣佛華嚴經	39	10			10
ZC0078	大方廣佛華嚴經	40	10	745	774	10
ZC0078	大方廣佛華嚴經	41	10			10
ZC0078	大方廣佛華嚴經	42	10	775	807	10
ZC0078	大方廣佛華嚴經	43	10	809	843	10
ZC0078	大方廣佛華嚴經	44	10			10
ZC0078	大方廣佛華嚴經	45	10			10
ZC0078	大方廣佛華嚴經	46	10			10
ZC0078	大方廣佛華嚴經	47	10			10
ZC0078	大方廣佛華嚴經	48	10			10
ZC0078	大方廣佛華嚴經	49	11	1	34	11
ZC0078	大方廣佛華嚴經	50	11			11
HN0077	大方廣佛華嚴經	1	37	424	442	37
HN0077	大方廣佛華嚴經	2	37	444	460	37
HN0077	大方廣佛華嚴經	3	37	462	485	37
HN0077	大方廣佛華嚴經	4	37	487	511	37
HN0077	大方廣佛華嚴經	5	37	513	533	37
HN0077	大方廣佛華嚴經	6	37	535	557	37
HN0077	大方廣佛華嚴經	7	37	559	582	37
HN0077	大方廣佛華嚴經	8	38	2	28	38
HN0077	大方廣佛華嚴經	9	38	30	55	38
HN0077	大方廣佛華嚴經	10	38	57	70	38
HN0077	大方廣佛華嚴經	11	38	72	90	38
HN0077	大方廣佛華嚴經	12	38	92	110	38
HN0077	大方廣佛華嚴經	13	38	112	133	38
HN0077	大方廣佛華嚴經	14	38	135	156	38
HN0077	大方廣佛華嚴經	15	38	158	176	38
HN0077	大方廣佛華嚴經	16	38	178	200	38
HN0077	大方廣佛華嚴經	17	38	202	222	38
HN0077	大方廣佛華嚴經	18	38	224	243	38
HN0077	大方廣佛華嚴經	19	38	245	266	38
HN0077	大方廣佛華嚴經	20	38	268	291	38
HN0077	大方廣佛華嚴經	21	38	293	313	38
HN0077	大方廣佛華嚴經	22	38	315	336	38
HN0077	大方廣佛華嚴經	23	38	338	362	38
HN0077	大方廣佛華嚴經	24	38	364	384	38
HN0077	大方廣佛華嚴經	25	38	386	406	38
HN0077	大方廣佛華嚴經	26	38	408	426	38
HN0077	大方廣佛華嚴經	27	38	428	449	38
HN0077	大方廣佛華嚴經	28	38	451	472	38
HN0077	大方廣佛華嚴經	29	38	474	491	38
HN0077	大方廣佛華嚴經	30	38	493	513	38
HN0077	大方廣佛華嚴經	31	38	515	534	38
HN0077	大方廣佛華嚴經	32	38	536	556	38
HN0077	大方廣佛華嚴經	33	38	558	578	38
HN0077	大方廣佛華嚴經	34	39	2	28	39
HN0077	大方廣佛華嚴經	35	39	30	49	39
HN0077	大方廣佛華嚴經	36	39	51	69	39
HN0077	大方廣佛華嚴經	37	39	71	90	39
HN0077	大方廣佛華嚴經	38	39	92	110	39
HN0077	大方廣佛華嚴經	39	39	112	131	39
HN0077	大方廣佛華嚴經	40	39	133	154	39
HN0077	大方廣佛華嚴經	41	39	156	174	39
HN0077	大方廣佛華嚴經	42	39	176	195	39
HN0077	大方廣佛華嚴經	43	39	197	216	39
HN0077	大方廣佛華嚴經	44	39	218	236	39
HN0077	大方廣佛華嚴經	45	39	238	255	39
HN0077	大方廣佛華嚴經	46	39	257	283	39
HN0077	大方廣佛華嚴經	47	39	285	304	39
HN0077	大方廣佛華嚴經	48	39	306	323	39
HN0077	大方廣佛華嚴經	49	39	325	343	39
HN0077	大方廣佛華嚴經	50	39	345	366	39
HN0077	大方廣佛華嚴經	51	39	368	387	39
HN0077	大方廣佛華嚴經	52	39	389	408	39
HN0077	大方廣佛華嚴經	53	39	410	428	39
HN0077	大方廣佛華嚴經	54	39	430	455	39
HN0077	大方廣佛華嚴經	55	39	457	486	39
HN0077	大方廣佛華嚴經	56	39	488	514	39
HN0077	大方廣佛華嚴經	57	39	516	542	39
HN0077	大方廣佛華嚴經	58	39	544	570	39
HN0077	大方廣佛華嚴經	59	40	2	28	40
HN0077	大方廣佛華嚴經	60	40	30	55	40
ZH0086	大方廣佛華嚴經	1	12	1	12	12
ZH0086	大方廣佛華嚴經	2	12	13	24	12
ZH0086	大方廣佛華嚴經	3	12	25	37	12
ZH0086	大方廣佛華嚴經	4	12	38	51	12
ZH0086	大方廣佛華嚴經	5	12	52	65	12
ZH0086	大方廣佛華嚴經	6	12	66	77	12
ZH0086	大方廣佛華嚴經	7	12	78	90	12
ZH0086	大方廣佛華嚴經	8	12	91	103	12
ZH0086	大方廣佛華嚴經	9	12	104	114	12
ZH0086	大方廣佛華嚴經	10	12	115	128	12
ZH0086	大方廣佛華嚴經	11	12	129	142	12
ZH0086	大方廣佛華嚴經	12	12	143	154	12
ZH0086	大方廣佛華嚴經	13	12	155	166	12
ZH0086	大方廣佛華嚴經	14	12	167	177	12
ZH0086	大方廣佛華嚴經	15	12	178	191	12
ZH0086	大方廣佛華嚴經	16	12	192	204	12
ZH0086	大方廣佛華嚴經	17	12	205	220	12
ZH0086	大方廣佛華嚴經	18	12	221	233	12
ZH0086	大方廣佛華嚴經	19	12	234	247	12
ZH0086	大方廣佛華嚴經	20	12	248	257	12
ZH0086	大方廣佛華嚴經	21	12	258	272	12
ZH0086	大方廣佛華嚴經	22	12	273	287	12
ZH0086	大方廣佛華嚴經	23	12	288	300	12
ZH0086	大方廣佛華嚴經	24	12	301	308	12
ZH0086	大方廣佛華嚴經	25	12	309	316	12
ZH0086	大方廣佛華嚴經	26	12	317	327	12
ZH0086	大方廣佛華嚴經	27	12	328	337	12
ZH0086	大方廣佛華嚴經	28	12	338	350	12
ZH0086	大方廣佛華嚴經	29	12	351	360	12
ZH0086	大方廣佛華嚴經	30	12	361	373	12
ZH0086	大方廣佛華嚴經	31	12	374	384	12
ZH0086	大方廣佛華嚴經	32	12	385	394	12
ZH0086	大方廣佛華嚴經	33	12	395	405	12
ZH0086	大方廣佛華嚴經	34	12	406	417	12
ZH0086	大方廣佛華嚴經	35	12	418	429	12
ZH0086	大方廣佛華嚴經	36	12	430	443	12
ZH0086	大方廣佛華嚴經	37	12	444	455	12
ZH0086	大方廣佛華嚴經	38	12	456	469	12
ZH0086	大方廣佛華嚴經	39	12	470	479	12
ZH0086	大方廣佛華嚴經	40	12	480	491	12
ZH0086	大方廣佛華嚴經	41	12	492	502	12
ZH0086	大方廣佛華嚴經	42	12	503	515	12
ZH0086	大方廣佛華嚴經	43	12	516	529	12
ZH0086	大方廣佛華嚴經	44	12	530	541	12
ZH0086	大方廣佛華嚴經	45	12	542	554	12
ZH0086	大方廣佛華嚴經	46	12	555	570	12
ZH0086	大方廣佛華嚴經	47	12	571	587	12
ZH0086	大方廣佛華嚴經	48	12	588	601	12
ZH0086	大方廣佛華嚴經	49	12	602	615	12
ZH0086	大方廣佛華嚴經	50	12	616	628	12
GL0080	大方廣佛華嚴經	1	14	31	37	14
GL0080	大方廣佛華嚴經	2	14	38	45	14
GL0080	大方廣佛華嚴經	3	14	45	53	14
GL0080	大方廣佛華嚴經	4	14	53	60	14
GL0080	大方廣佛華嚴經	5	14	61	68	14
GL0080	大方廣佛華嚴經	6	14	68	75	14
GL0080	大方廣佛華嚴經	7	14	75	83	14
GL0080	大方廣佛華嚴經	8	14	83	90	14
GL0080	大方廣佛華嚴經	9	14	90	97	14
GL0080	大方廣佛華嚴經	10	14	97	104	14
GL0080	大方廣佛華嚴經	11	14	105	111	14
GL0080	大方廣佛華嚴經	12	14	112	118	14
GL0080	大方廣佛華嚴經	13	14	118	125	14
GL0080	大方廣佛華嚴經	14	14	126	134	14
GL0080	大方廣佛華嚴經	15	14	134	142	14
GL0080	大方廣佛華嚴經	16	14	142	149	14
GL0080	大方廣佛華嚴經	17	14	149	156	14
GL0080	大方廣佛華嚴經	18	14	157	163	14
GL0080	大方廣佛華嚴經	19	14	164	171	14
GL0080	大方廣佛華嚴經	20	14	172	178	14
GL0080	大方廣佛華嚴經	21	14	178	185	14
GL0080	大方廣佛華嚴經	22	14	185	191	14
GL0080	大方廣佛華嚴經	23	14	192	199	14
GL0080	大方廣佛華嚴經	24	14	199	205	14
GL0080	大方廣佛華嚴經	25	14	206	213	14
GL0080	大方廣佛華嚴經	26	14	214	220	14
GL0080	大方廣佛華嚴經	27	14	220	227	14
GL0080	大方廣佛華嚴經	28	14	227	235	14
GL0080	大方廣佛華嚴經	29	14	235	240	14
GL0080	大方廣佛華嚴經	30	14	240	246	14
GL0080	大方廣佛華嚴經	31	14	246	253	14
GL0080	大方廣佛華嚴經	32	14	253	260	14
GL0080	大方廣佛華嚴經	33	14	260	267	14
GL0080	大方廣佛華嚴經	34	14	267	373	14
GL0080	大方廣佛華嚴經	35	14	274	280	14
GL0080	大方廣佛華嚴經	36	14	280	286	14
GL0080	大方廣佛華嚴經	37	14	286	292	14
GL0080	大方廣佛華嚴經	38	14	293	299	14
GL0080	大方廣佛華嚴經	39	14	299	306	14
GL0080	大方廣佛華嚴經	40	14	307	313	14
GL0080	大方廣佛華嚴經	41	14	314	319	14
GL0080	大方廣佛華嚴經	42	14	319	326	14
GL0080	大方廣佛華嚴經	43	14	326	333	14
GL0080	大方廣佛華嚴經	44	14	333	340	14
GL0080	大方廣佛華嚴經	45	14	340	347	14
GL0080	大方廣佛華嚴經	46	14	347	354	14
GL0080	大方廣佛華嚴經	47	14	354	362	14
GL0080	大方廣佛華嚴經	48	14	362	368	14
GL0080	大方廣佛華嚴經	49	14	369	375	14
GL0080	大方廣佛華嚴經	50	14	376	381	14
GL0080	大方廣佛華嚴經	51	14	381	388	14
GL0080	大方廣佛華嚴經	52	14	388	395	14
GL0080	大方廣佛華嚴經	53	14	395	402	14
GL0080	大方廣佛華嚴經	54	14	403	410	14
GL0080	大方廣佛華嚴經	55	14	410	418	14
GL0080	大方廣佛華嚴經	56	14	418	426	14
GL0080	大方廣佛華嚴經	57	14	426	433	14
GL0080	大方廣佛華嚴經	58	14	433	440	14
GL0080	大方廣佛華嚴經	59	14	441	447	14
GL0080	大方廣佛華嚴經	60	14	448	454	14
QS0081	大方廣佛華嚴經	1	21	449	21	461
QS0081	大方廣佛華嚴經	2	21	461	21	472
QS0081	大方廣佛華嚴經	3	21	472	21	488
QS0081	大方廣佛華嚴經	4	21	488	21	504
QS0081	大方廣佛華嚴經	5	21	504	21	518
QS0081	大方廣佛華嚴經	6	21	518	21	533
QS0081	大方廣佛華嚴經	7	21	533	21	549
QS0081	大方廣佛華嚴經	8	21	549	21	567
QS0081	大方廣佛華嚴經	9	21	567	21	582
QS0081	大方廣佛華嚴經	10	21	582	21	595
QS0081	大方廣佛華嚴經	11	21	595	21	607
QS0081	大方廣佛華嚴經	12	21	607	21	619
QS0081	大方廣佛華嚴經	13	21	619	21	634
QS0081	大方廣佛華嚴經	14	21	634	21	648
QS0081	大方廣佛華嚴經	15	22	1	22	13
QS0081	大方廣佛華嚴經	16	22	13	22	27
QS0081	大方廣佛華嚴經	17	22	28	22	41
QS0081	大方廣佛華嚴經	18	22	41	22	54
QS0081	大方廣佛華嚴經	19	22	54	22	69
QS0081	大方廣佛華嚴經	20	22	69	22	85
QS0081	大方廣佛華嚴經	21	22	85	22	98
QS0081	大方廣佛華嚴經	22	22	98	22	113
QS0081	大方廣佛華嚴經	23	22	113	22	129
QS0081	大方廣佛華嚴經	24	22	129	22	143
QS0081	大方廣佛華嚴經	25	22	143	22	156
QS0081	大方廣佛華嚴經	26	22	156	22	168
QS0081	大方廣佛華嚴經	27	22	169	22	183
QS0081	大方廣佛華嚴經	28	22	183	22	197
QS0081	大方廣佛華嚴經	29	22	197	22	209
QS0081	大方廣佛華嚴經	30	22	209	22	223
QS0081	大方廣佛華嚴經	31	22	223	22	236
QS0081	大方廣佛華嚴經	32	22	236	22	249
QS0081	大方廣佛華嚴經	33	22	250	22	263
QS0081	大方廣佛華嚴經	34	22	263	22	280
QS0081	大方廣佛華嚴經	35	22	281	22	294
QS0081	大方廣佛華嚴經	36	22	294	22	306
QS0081	大方廣佛華嚴經	37	22	306	22	319
QS0081	大方廣佛華嚴經	38	22	320	22	332
QS0081	大方廣佛華嚴經	39	22	332	22	345
QS0081	大方廣佛華嚴經	40	22	345	22	359
QS0081	大方廣佛華嚴經	41	22	359	22	372
QS0081	大方廣佛華嚴經	42	22	372	22	384
QS0081	大方廣佛華嚴經	43	22	385	22	397
QS0081	大方廣佛華嚴經	44	22	398	22	410
QS0081	大方廣佛華嚴經	45	22	410	22	422
QS0081	大方廣佛華嚴經	46	22	422	22	439
QS0081	大方廣佛華嚴經	47	22	440	22	453
QS0081	大方廣佛華嚴經	48	22	453	22	465
QS0081	大方廣佛華嚴經	49	22	465	22	477
QS0081	大方廣佛華嚴經	50	22	477	22	491
QS0081	大方廣佛華嚴經	51	22	492	22	505
QS0081	大方廣佛華嚴經	52	22	505	22	518
QS0081	大方廣佛華嚴經	53	22	518	22	530
QS0081	大方廣佛華嚴經	54	22	530	22	547
QS0081	大方廣佛華嚴經	55	22	548	22	567
QS0081	大方廣佛華嚴經	56	22	567	22	584
QS0081	大方廣佛華嚴經	57	22	585	22	602
QS0081	大方廣佛華嚴經	58	22	602	22	620
QS0081	大方廣佛華嚴經	59	22	620	22	638
QS0081	大方廣佛華嚴經	60	22	638	22	655